Sample_name	Weight
640	1.1089385474860336
616	1.1089385474860336
446	1.1089385474860336
457	1.0
835	1.1089385474860336
375	1.0
16	1.1089385474860336
727	1.1089385474860336
564	1.0
72	1.1089385474860336
69	1.0
389	1.0
46	1.0
64	1.0
358	1.0
365	1.0
238	1.1089385474860336
139	1.1089385474860336
79	1.0
44	1.1089385474860336
275	1.0
186	1.1089385474860336
579	1.1089385474860336
698	1.0
306	1.0
130	1.1089385474860336
732	1.1089385474860336
60	1.0
769	1.0
67	1.0
581	1.0
538	1.1089385474860336
811	1.0
873	1.1089385474860336
809	1.0
103	1.0
742	1.1089385474860336
528	1.1089385474860336
569	1.1089385474860336
11	1.0
853	1.1089385474860336
921	1.1089385474860336
435	1.0
659	1.0
822	1.0
298	1.0
25	1.1089385474860336
403	1.0
219	1.1089385474860336
801	1.1089385474860336
658	1.0
307	1.1089385474860336
1002	1.0
346	1.0
886	1.0
99	1.1089385474860336
5	1.0
884	1.1089385474860336
303	1.0
78	1.0
515	1.0
636	1.0
41	1.0
233	1.1089385474860336
630	1.1089385474860336
144	1.0
525	1.1089385474860336
429	1.1089385474860336
777	1.0
540	1.0
962	1.1089385474860336
558	1.0
202	1.0
850	1.0
77	1.1089385474860336
1028	1.0
566	1.0
710	1.0
480	1.0
514	1.1089385474860336
936	1.1089385474860336
94	1.0
946	1.1089385474860336
368	1.0
720	1.1089385474860336
632	1.0
993	1.1089385474860336
400	1.1089385474860336
915	1.1089385474860336
725	1.0
172	1.0
242	1.1089385474860336
799	1.0
363	1.0
753	1.1089385474860336
676	1.0
388	1.1089385474860336
797	1.0
357	1.1089385474860336
153	1.1089385474860336
207	1.1089385474860336
1001	1.1089385474860336
151	1.1089385474860336
843	1.1089385474860336
756	1.0
939	1.0
336	1.1089385474860336
160	1.0
861	1.0
900	1.1089385474860336
296	1.1089385474860336
277	1.0
190	1.0
593	1.1089385474860336
274	1.0
290	1.1089385474860336
595	1.1089385474860336
606	1.0
688	1.0
350	1.1089385474860336
991	1.1089385474860336
20	1.0
272	1.1089385474860336
626	1.1089385474860336
816	1.1089385474860336
401	1.1089385474860336
980	1.0
755	1.0
719	1.0
95	1.1089385474860336
18	1.1089385474860336
112	1.1089385474860336
402	1.1089385474860336
717	1.0
504	1.0
419	1.0
517	1.1089385474860336
316	1.0
837	1.1089385474860336
45	1.0
317	1.1089385474860336
734	1.0
108	1.0
453	1.1089385474860336
908	1.1089385474860336
838	1.1089385474860336
521	1.0
653	1.1089385474860336
814	1.1089385474860336
17	1.1089385474860336
703	1.1089385474860336
764	1.0
681	1.0
150	1.1089385474860336
663	1.1089385474860336
563	1.1089385474860336
551	1.0
592	1.0
125	1.1089385474860336
499	1.0
370	1.0
455	1.1089385474860336
988	1.1089385474860336
728	1.1089385474860336
240	1.1089385474860336
269	1.1089385474860336
282	1.0
794	1.1089385474860336
231	1.0
491	1.0
585	1.1089385474860336
158	1.0
532	1.0
733	1.0
189	1.0
570	1.1089385474860336
561	1.0
609	1.1089385474860336
699	1.0
649	1.1089385474860336
904	1.0
866	1.1089385474860336
802	1.0
8	1.0
62	1.1089385474860336
979	1.1089385474860336
1031	1.1089385474860336
697	1.0
996	1.1089385474860336
588	1.1089385474860336
436	1.0
482	1.0
413	1.1089385474860336
796	1.1089385474860336
281	1.1089385474860336
680	1.0
968	1.0
392	1.0
1012	1.1089385474860336
961	1.0
589	1.1089385474860336
977	1.1089385474860336
347	1.1089385474860336
940	1.0
247	1.1089385474860336
878	1.1089385474860336
712	1.0
126	1.0
758	1.1089385474860336
966	1.0
839	1.1089385474860336
117	1.0
417	1.0
973	1.0
800	1.1089385474860336
634	1.0
917	1.1089385474860336
617	1.1089385474860336
938	1.1089385474860336
42	1.0
655	1.0
330	1.1089385474860336
261	1.1089385474860336
893	1.0
813	1.1089385474860336
35	1.0
84	1.1089385474860336
805	1.1089385474860336
447	1.0
164	1.0
450	1.0
687	1.0
888	1.1089385474860336
539	1.1089385474860336
258	1.1089385474860336
883	1.1089385474860336
691	1.1089385474860336
209	1.1089385474860336
133	1.1089385474860336
152	1.1089385474860336
759	1.0
998	1.1089385474860336
21	1.0
987	1.0
173	1.0
760	1.0
808	1.0
194	1.1089385474860336
371	1.0
434	1.0
926	1.1089385474860336
986	1.1089385474860336
903	1.1089385474860336
933	1.1089385474860336
652	1.0
711	1.0
656	1.0
982	1.1089385474860336
530	1.1089385474860336
479	1.0
599	1.1089385474860336
34	1.1089385474860336
253	1.0
131	1.0
223	1.0
642	1.1089385474860336
678	1.0
619	1.1089385474860336
874	1.0
1006	1.1089385474860336
418	1.0
100	1.1089385474860336
983	1.1089385474860336
467	1.0
832	1.1089385474860336
266	1.0
162	1.1089385474860336
618	1.1089385474860336
1	1.0
424	1.1089385474860336
798	1.0
565	1.0
638	1.0
374	1.1089385474860336
179	1.1089385474860336
971	1.0
552	1.1089385474860336
415	1.0
976	1.0
723	1.1089385474860336
924	1.0
782	1.0
738	1.0
265	1.0
721	1.0
951	1.0
722	1.1089385474860336
847	1.0
394	1.0
520	1.0
1010	1.0
815	1.0
440	1.0
309	1.1089385474860336
267	1.0
433	1.0
965	1.1089385474860336
466	1.0
701	1.0
320	1.0
718	1.1089385474860336
92	1.1089385474860336
149	1.0
68	1.1089385474860336
508	1.0
203	1.0
550	1.0
390	1.0
856	1.1089385474860336
601	1.0
654	1.0
603	1.0
1019	1.0
398	1.0
1027	1.0
421	1.0
52	1.0
724	1.0
255	1.0
461	1.0
488	1.0
930	1.0
241	1.1089385474860336
862	1.1089385474860336
97	1.1089385474860336
339	1.1089385474860336
182	1.1089385474860336
840	1.1089385474860336
894	1.0
543	1.1089385474860336
836	1.1089385474860336
781	1.0
199	1.0
9	1.0
234	1.0
671	1.0
74	1.1089385474860336
483	1.1089385474860336
147	1.1089385474860336
1004	1.0
984	1.0
210	1.0
63	1.0
860	1.1089385474860336
949	1.1089385474860336
772	1.0
19	1.1089385474860336
793	1.0
899	1.1089385474860336
289	1.0
1020	1.0
216	1.1089385474860336
644	1.0
944	1.0
452	1.0
409	1.1089385474860336
101	1.0
694	1.0
573	1.0
766	1.1089385474860336
705	1.1089385474860336
812	1.0
743	1.0
604	1.0
355	1.0
548	1.0
737	1.0
367	1.0
169	1.0
188	1.0
443	1.1089385474860336
820	1.0
1000	1.0
218	1.0
729	1.0
882	1.0
704	1.1089385474860336
334	1.1089385474860336
448	1.1089385474860336
1024	1.0
493	1.0
109	1.1089385474860336
789	1.0
945	1.1089385474860336
1003	1.1089385474860336
825	1.1089385474860336
161	1.0
953	1.1089385474860336
58	1.1089385474860336
791	1.0
974	1.0
468	1.1089385474860336
154	1.0
776	1.0
102	1.1089385474860336
669	1.0
919	1.1089385474860336
845	1.1089385474860336
534	1.1089385474860336
91	1.0
571	1.1089385474860336
674	1.1089385474860336
597	1.1089385474860336
412	1.1089385474860336
864	1.0
1017	1.1089385474860336
285	1.0
591	1.0
407	1.0
12	1.0
608	1.0
115	1.0
114	1.1089385474860336
123	1.0
177	1.0
844	1.1089385474860336
544	1.0
615	1.1089385474860336
373	1.1089385474860336
353	1.1089385474860336
546	1.0
833	1.1089385474860336
437	1.1089385474860336
706	1.0
526	1.0
590	1.0
252	1.1089385474860336
675	1.0
333	1.0
889	1.1089385474860336
155	1.0
574	1.1089385474860336
198	1.0
858	1.1089385474860336
292	1.1089385474860336
969	1.1089385474860336
957	1.0
445	1.1089385474860336
343	1.1089385474860336
286	1.0
364	1.1089385474860336
693	1.0
668	1.0
111	1.0
28	1.0
349	1.0
826	1.0
628	1.1089385474860336
774	1.1089385474860336
954	1.1089385474860336
96	1.1089385474860336
414	1.1089385474860336
602	1.1089385474860336
406	1.0
806	1.0
113	1.0
0	1.0
925	1.0
553	1.0
38	1.0
767	1.0
547	1.0
356	1.1089385474860336
905	1.0
512	1.1089385474860336
943	1.1089385474860336
211	1.1089385474860336
70	1.1089385474860336
735	1.0
456	1.1089385474860336
715	1.1089385474860336
314	1.1089385474860336
31	1.0
527	1.0
228	1.1089385474860336
176	1.0
745	1.1089385474860336
665	1.0
441	1.0
384	1.1089385474860336
716	1.0
383	1.1089385474860336
163	1.1089385474860336
232	1.0
947	1.1089385474860336
313	1.0
643	1.1089385474860336
145	1.0
1026	1.1089385474860336
159	1.1089385474860336
425	1.1089385474860336
911	1.1089385474860336
293	1.0
335	1.0
93	1.0
288	1.1089385474860336
827	1.1089385474860336
863	1.1089385474860336
1009	1.0
469	1.1089385474860336
1011	1.1089385474860336
268	1.0
587	1.0
748	1.1089385474860336
909	1.1089385474860336
1015	1.0
43	1.1089385474860336
39	1.0
841	1.0
877	1.1089385474860336
88	1.1089385474860336
859	1.0
985	1.0
137	1.0
459	1.1089385474860336
331	1.0
673	1.1089385474860336
768	1.0
695	1.0
713	1.0
600	1.0
40	1.1089385474860336
584	1.1089385474860336
214	1.1089385474860336
509	1.1089385474860336
918	1.0
992	1.1089385474860336
379	1.1089385474860336
104	1.0
932	1.1089385474860336
476	1.1089385474860336
380	1.1089385474860336
575	1.1089385474860336
726	1.1089385474860336
27	1.0
913	1.1089385474860336
29	1.1089385474860336
906	1.0
708	1.1089385474860336
661	1.0
484	1.0
278	1.1089385474860336
1016	1.0
235	1.0
474	1.0
329	1.0
620	1.1089385474860336
397	1.0
771	1.1089385474860336
2	1.1089385474860336
928	1.1089385474860336
47	1.0
297	1.1089385474860336
59	1.1089385474860336
442	1.0
747	1.0
707	1.0
751	1.1089385474860336
86	1.1089385474860336
165	1.1089385474860336
506	1.1089385474860336
679	1.1089385474860336
507	1.1089385474860336
752	1.0
251	1.1089385474860336
213	1.0
157	1.1089385474860336
166	1.0
516	1.0
156	1.0
505	1.1089385474860336
559	1.1089385474860336
326	1.1089385474860336
432	1.1089385474860336
312	1.0
51	1.1089385474860336
870	1.0
818	1.0
359	1.0
682	1.1089385474860336
700	1.1089385474860336
423	1.0
633	1.0
369	1.0
138	1.0
53	1.1089385474860336
778	1.0
639	1.0
692	1.1089385474860336
14	1.0
744	1.1089385474860336
647	1.0
510	1.1089385474860336
229	1.1089385474860336
83	1.0
270	1.1089385474860336
754	1.0
30	1.0
426	1.1089385474860336
901	1.1089385474860336
248	1.1089385474860336
872	1.1089385474860336
990	1.1089385474860336
1021	1.1089385474860336
555	1.0
775	1.0
995	1.1089385474860336
807	1.1089385474860336
494	1.0
471	1.0
65	1.0
784	1.0
273	1.0
831	1.0
178	1.1089385474860336
485	1.1089385474860336
98	1.1089385474860336
963	1.1089385474860336
295	1.0
978	1.0
121	1.0
875	1.0
33	1.0
197	1.1089385474860336
475	1.0
110	1.1089385474860336
935	1.1089385474860336
746	1.1089385474860336
824	1.1089385474860336
817	1.0
865	1.1089385474860336
143	1.0
891	1.1089385474860336
404	1.0
823	1.0
952	1.1089385474860336
869	1.0
598	1.0
438	1.0
576	1.0
328	1.1089385474860336
731	1.0
535	1.0
391	1.0
315	1.0
523	1.1089385474860336
225	1.1089385474860336
660	1.1089385474860336
635	1.1089385474860336
627	1.1089385474860336
942	1.0
490	1.0
472	1.0
410	1.1089385474860336
246	1.0
142	1.1089385474860336
740	1.1089385474860336
408	1.0
531	1.0
897	1.1089385474860336
23	1.0
478	1.1089385474860336
458	1.1089385474860336
522	1.0
621	1.0
249	1.0
360	1.0
239	1.0
141	1.1089385474860336
898	1.1089385474860336
667	1.0
132	1.0
923	1.1089385474860336
381	1.1089385474860336
470	1.0
892	1.1089385474860336
788	1.0
372	1.1089385474860336
444	1.0
120	1.0
739	1.1089385474860336
195	1.1089385474860336
934	1.0
481	1.0
237	1.0
416	1.0
175	1.1089385474860336
572	1.1089385474860336
32	1.1089385474860336
10	1.1089385474860336
879	1.1089385474860336
7	1.1089385474860336
896	1.1089385474860336
1030	1.1089385474860336
85	1.0
259	1.0
495	1.0
541	1.1089385474860336
994	1.0
48	1.1089385474860336
90	1.0
650	1.0
204	1.0
73	1.0
709	1.0
500	1.0
222	1.1089385474860336
605	1.1089385474860336
212	1.0
324	1.1089385474860336
477	1.0
264	1.0
465	1.0
920	1.1089385474860336
981	1.1089385474860336
625	1.0
3	1.0
200	1.0
792	1.0
362	1.1089385474860336
821	1.0
852	1.1089385474860336
586	1.1089385474860336
696	1.1089385474860336
81	1.1089385474860336
657	1.0
464	1.1089385474860336
49	1.0
568	1.1089385474860336
1023	1.0
1018	1.0
912	1.1089385474860336
377	1.0
340	1.0
577	1.1089385474860336
263	1.0
937	1.0
890	1.1089385474860336
614	1.1089385474860336
580	1.1089385474860336
829	1.1089385474860336
556	1.1089385474860336
395	1.0
922	1.1089385474860336
26	1.1089385474860336
