Sample_name	Weight
2	1.0
960	1.0
181	1.0
0	1.0
645	1.0
35	1.0
854	1.0
728	1.0
193	1.0
68	1.0
380	1.0
340	1.0
423	1.0
457	1.0
288	1.0
488	1.0
1029	1.0
992	1.0
51	1.0
592	1.0
986	1.0
852	1.0
679	1.0
521	1.0
886	1.0
692	1.0
240	1.0
532	1.0
501	1.0
411	1.0
439	1.0
481	1.0
966	1.0
976	1.0
216	1.0
727	1.0
584	1.0
632	1.0
460	1.0
603	1.0
368	1.0
173	1.0
999	1.0
660	1.0
229	1.0
201	1.0
67	1.0
995	1.0
221	1.0
851	1.0
311	1.0
390	1.0
686	115.0
242	1.0
441	1.0
78	1.0
147	1.0
673	1.0
443	1.0
81	1.0
153	1.0
148	1.0
172	1.0
65	1.0
37	1.0
1007	1.0
932	1.0
477	1.0
235	1.0
1020	1.0
138	1.0
627	1.0
853	1.0
48	1.0
640	1.0
525	1.0
698	1.0
350	1.0
115	1.0
482	1.0
419	1.0
164	1.0
36	1.0
513	1.0
806	1.0
471	1.0
620	1.0
735	1.0
573	1.0
331	1.0
383	1.0
939	1.0
251	1.0
487	1.0
726	1.0
633	1.0
693	1.0
988	1.0
177	1.0
921	1.0
931	1.0
408	1.0
422	1.0
379	1.0
649	1.0
844	1.0
765	1.0
76	1.0
895	1.0
550	1.0
987	1.0
393	1.0
338	1.0
373	1.0
200	1.0
881	1.0
516	1.0
75	1.0
475	1.0
31	1.0
946	1.0
911	1.0
1015	1.0
131	1.0
247	1.0
842	1.0
111	1.0
814	1.0
635	1.0
109	1.0
1010	1.0
829	1.0
214	1.0
859	1.0
158	1.0
33	1.0
866	1.0
579	1.0
384	1.0
803	1.0
469	1.0
176	1.0
24	1.0
930	1.0
754	1.0
308	1.0
426	1.0
163	1.0
179	1.0
937	1.0
269	1.0
83	1.0
770	1.0
900	1.0
495	1.0
359	1.0
203	1.0
375	1.0
356	1.0
981	1.0
394	1.0
719	1.0
233	1.0
659	1.0
150	1.0
259	1.0
926	1.0
195	1.0
94	1.0
434	1.0
493	1.0
385	1.0
1017	1.0
982	1.0
116	1.0
234	1.0
580	1.0
479	1.0
778	1.0
448	1.0
266	1.0
56	1.0
847	1.0
209	1.0
896	1.0
424	1.0
219	1.0
519	1.0
136	1.0
828	1.0
437	1.0
924	1.0
730	1.0
165	1.0
353	1.0
961	1.0
1013	1.0
551	1.0
86	1.0
222	1.0
191	1.0
752	1.0
392	1.0
714	1.0
871	1.0
74	1.0
1006	1.0
816	1.0
223	1.0
328	1.0
870	1.0
887	1.0
497	1.0
113	1.0
175	1.0
47	1.0
543	1.0
494	1.0
899	1.0
718	1.0
485	1.0
696	1.0
991	1.0
739	1.0
470	1.0
872	1.0
989	1.0
456	1.0
759	1.0
994	1.0
320	1.0
70	1.0
29	1.0
484	1.0
365	1.0
40	1.0
1000	1.0
323	1.0
52	1.0
151	1.0
868	1.0
680	1.0
790	1.0
26	115.0
273	1.0
656	1.0
486	1.0
503	1.0
53	1.0
574	1.0
879	1.0
180	1.0
38	1.0
624	1.0
978	1.0
791	1.0
916	1.0
708	1.0
652	1.0
729	1.0
43	1.0
145	1.0
450	1.0
947	1.0
506	1.0
398	1.0
489	1.0
936	1.0
537	1.0
564	1.0
743	1.0
530	1.0
388	1.0
197	1.0
230	1.0
515	1.0
949	1.0
352	1.0
717	1.0
772	1.0
689	1.0
108	1.0
20	1.0
296	1.0
1009	1.0
160	1.0
671	1.0
474	1.0
604	1.0
793	1.0
418	1.0
919	1.0
589	1.0
263	1.0
965	1.0
504	1.0
248	1.0
157	1.0
807	1.0
480	1.0
707	1.0
998	1.0
857	1.0
162	1.0
636	1.0
760	1.0
520	1.0
342	1.0
199	1.0
295	1.0
4	1.0
889	1.0
146	1.0
962	1.0
243	1.0
650	1.0
658	1.0
740	115.0
169	1.0
917	1.0
152	1.0
915	1.0
452	1.0
808	1.0
784	1.0
622	1.0
314	1.0
746	1.0
186	1.0
800	1.0
326	1.0
796	1.0
909	1.0
883	1.0
409	1.0
577	1.0
758	1.0
567	1.0
827	1.0
864	1.0
357	1.0
512	1.0
19	1.0
500	1.0
472	1.0
553	1.0
815	1.0
88	1.0
370	1.0
585	1.0
103	1.0
830	1.0
798	1.0
668	1.0
637	1.0
1023	1.0
901	1.0
747	1.0
996	1.0
206	1.0
202	1.0
571	1.0
277	1.0
672	1.0
863	1.0
663	1.0
343	1.0
789	1.0
430	1.0
736	1.0
732	1.0
993	1.0
619	1.0
593	1.0
189	1.0
358	1.0
298	1.0
878	1.0
661	1.0
401	1.0
621	1.0
93	1.0
675	1.0
184	1.0
468	1.0
161	1.0
788	1.0
381	1.0
517	1.0
811	1.0
955	1.0
771	1.0
312	1.0
858	1.0
888	1.0
856	1.0
415	1.0
595	1.0
436	1.0
1002	1.0
99	1.0
797	1.0
839	1.0
586	1.0
80	1.0
767	1.0
282	1.0
701	1.0
944	1.0
349	1.0
91	1.0
406	1.0
228	115.0
783	1.0
451	1.0
588	1.0
720	1.0
476	1.0
123	1.0
792	1.0
554	1.0
691	1.0
272	1.0
910	1.0
763	1.0
462	1.0
453	1.0
877	1.0
140	1.0
198	1.0
25	1.0
610	1.0
535	1.0
129	1.0
57	1.0
185	1.0
533	1.0
957	1.0
805	1.0
1024	1.0
231	1.0
867	1.0
12	1.0
913	1.0
923	1.0
873	1.0
756	1.0
552	1.0
647	1.0
218	1.0
416	1.0
518	1.0
72	1.0
706	1.0
538	1.0
894	1.0
254	1.0
372	1.0
414	1.0
404	1.0
761	1.0
463	1.0
963	1.0
226	1.0
505	1.0
232	1.0
712	1.0
928	1.0
914	1.0
455	1.0
942	1.0
710	1.0
156	1.0
893	1.0
766	1.0
141	1.0
396	1.0
799	1.0
391	1.0
651	1.0
702	1.0
892	1.0
749	1.0
804	1.0
608	1.0
697	1.0
466	1.0
355	1.0
61	1.0
774	1.0
7	1.0
855	1.0
510	1.0
862	1.0
997	1.0
723	1.0
367	1.0
13	1.0
511	1.0
831	1.0
285	1.0
478	1.0
318	1.0
241	1.0
30	1.0
85	1.0
10	1.0
9	1.0
990	1.0
787	1.0
837	1.0
1005	115.0
1014	1.0
832	1.0
753	1.0
979	1.0
400	1.0
97	1.0
582	1.0
1012	1.0
594	1.0
713	1.0
1030	1.0
601	1.0
104	1.0
902	1.0
167	1.0
60	1.0
125	1.0
980	1.0
8	1.0
514	1.0
334	1.0
638	1.0
155	1.0
324	1.0
23	1.0
509	1.0
786	1.0
62	1.0
306	1.0
623	1.0
985	1.0
98	1.0
95	1.0
32	1.0
491	1.0
699	1.0
974	1.0
865	1.0
100	1.0
238	1.0
898	1.0
922	1.0
541	1.0
575	1.0
906	1.0
58	1.0
413	1.0
154	1.0
256	1.0
412	1.0
45	1.0
848	1.0
539	1.0
846	1.0
929	1.0
938	1.0
246	1.0
126	1.0
454	1.0
432	1.0
69	1.0
149	1.0
464	1.0
670	1.0
562	1.0
11	1.0
502	1.0
14	1.0
